4294967278,277
4294967279,252
4294967278,547
4294967279,251
4294967278,289
4294967279,180
181,10
181,0
213,11
214,4
224,4
223,4
213,16
222,4
213,6
4294967279,247
4294967279,375
4294967279,243
4294967278,320
4294967278,319
4294967278,305
4294967278,304
4294967294,1507
4294967278,300
181,9
4294967279,410
4294967279,241
162,6
162,5
4294967279,284
4294967278,301
4294967278,318
4294967279,332
136,5
4294967278,296
137,6
137,7
181,8
206,4
142,6
142,7
4294967279,133
182,4
182,5
4294967279,239
181,7
181,1
181,6
4294967279,250
4294967279,216
4294967279,201
4294967279,235
4294967279,162
4294967278,548
4294967278,346
181,2
126,8
126,7
126,5
126,4
4294967294,1447
4294967279,416
4294967279,301
213,15
213,13
213,12
213,10
181,5
181,4
167,6
59,4
4294967294,510
4294967279,231
4294967279,381
4294967278,342
4294967279,414
4294967278,321
4294967279,229
4294967279,227
4294967278,345
4294967278,281
4294967279,415
4294967278,309
4294967278,344
4294967278,298
4294967278,568
4294967278,341
4294967279,419
4294967279,382
4294967279,215
4294967279,321
4294967279,329
4294967279,406
4294967278,530
4294967278,311
4294967279,277
4294967278,267
4294967279,219
4294967278,340
4294967279,418
4294967279,331
4294967279,363
4294967278,333
4294967279,217
4294967279,383
4294967278,343
127,2
4294967279,245
4294967278,338
3,10
334,7
334,0
348,7
348,0
348,6
4294967294,1429
4294967279,413
4294967294,208
4294967279,330
4294967279,79
4294967279,78
4294967279,77
4294967279,76
4294967279,75
4294967279,74
4294967279,73
4294967279,71
4294967279,70
4294967279,69
4294967279,68
4294967279,67
4294967279,66
4294967279,65
4294967279,64
4294967279,63
4294967279,62
4294967279,61
4294967279,60
4294967279,58
4294967279,57
4294967279,56
4294967279,55
4294967279,54
4294967279,53
4294967279,52
4294967279,51
4294967279,50
4294967279,49
4294967279,48
4294967279,47
4294967279,46
4294967279,44
4294967279,43
4294967279,40
4294967279,28
334,6
334,5
4294967278,308
4294967294,1448
141,2
4294967279,308
4294967279,303
4294967278,272
140,2
4294967279,244
4294967279,240
4294967279,377
191,2
4294967294,474
139,22
139,0
139,21
139,20
139,19
139,18
4294967279,208
139,17
139,16
139,15
139,14
139,13
139,12
4294967279,204
139,11
139,10
139,9
139,8
139,1
139,7
139,2
4294967279,203
4294967279,202
4294967278,199
4294967279,200
4294967279,417
139,6
139,4
139,5
144,18
144,0
144,17
144,16
4294967279,181
144,15
144,14
144,13
4294967279,166
144,12
144,11
144,10
144,9
144,8
144,1
144,7
144,2
4294967294,1430
189,2
144,6
144,4
144,5
4294967294,1496
4294967278,294
188,2
4294967278,174
4294967279,34
269,6
269,0
4294967279,31
4294967294,491
4294967294,161
4294967294,1001
4294967294,1019
4294967294,1017
4294967294,1010
4294967294,197
4294967294,1000
4294967294,999
4294967294,195
4294967294,206
4294967294,422
4294967294,185
4294967294,190
4294967294,162
4294967294,200
4294967294,104
4294967294,106
4294967294,169
4294967294,183
4294967294,172
4294967294,171
4294967294,170
4294967294,1416
185,4
4294967278,137
4294967279,25
176,2
127,4
127,5
143,9
143,0
143,8
143,1
143,7
143,2
143,6
143,4
143,5
141,9
141,8
141,7
141,5
141,4
141,6
140,9
140,8
140,7
140,5
140,4
140,6
149,7
149,6
149,4
149,5
198,2
4294967278,192
4294967278,191
4294967278,190
4294967279,188
4294967278,185
4294967278,181
4294967279,182
4294967278,180
4294967279,179
177,2
4294967279,177
4294967279,176
4294967279,172
4294967279,169
4294967278,159
4294967279,160
4294967278,158
4294967278,156
4294967279,150
4294967278,149
4294967278,148
4294967278,145
4294967279,144
4294967279,141
4294967278,139
4294967279,291
191,4
195,4
4294967278,287
4294967278,266
188,4
4294967279,269
4294967279,286
4294967278,260
4294967279,72
4294967279,59
4294967279,88
4294967279,157
4294967279,45
4294967279,42
4294967279,41
4294967279,39
4294967279,38
4294967279,36
4294967279,35
4294967279,33
4294967279,32
4294967279,29
4294967279,23
176,6
176,5
136,4
189,5
189,4
196,4
197,4
198,4
4294967279,237
4294967279,236
4294967279,224
4294967278,220
134,2
177,6
177,5
4294967279,214
4294967294,1449
172,2
129,2
4294967294,1436
130,2
4294967278,559
172,7
172,6
172,4
172,5
134,7
134,6
134,4
134,5
132,2
4294967294,1445
3,2
129,7
129,6
129,4
129,5
4294967294,1446
133,2
130,9
130,8
130,7
130,5
130,4
130,6
4294967279,167
131,7
131,6
131,4
131,5
4294967279,165
175,21
175,0
175,20
175,19
175,18
175,17
175,16
175,15
175,14
175,13
175,12
175,11
175,10
175,9
175,8
175,1
175,7
175,2
175,6
175,4
175,5
4294967278,147
4294967279,146
3,9
4294967278,144
4294967278,142
4294967278,141
3,5
3,6
3,4
132,7
132,6
132,4
132,5
3,8
3,7
4294967278,271
4294967279,288
4294967278,265
4294967278,264
133,7
133,6
133,4
4294967279,254
4294967279,253
4294967279,248
4294967294,1438
45,2
4294967279,228
68,13
68,11
68,12
4294967279,221
4294967279,218
4294967279,213
4294967279,212
4294967294,1442
67,2
4294967279,210
45,4
45,5
4294967279,209
4294967279,207
4294967294,500
4294967279,206
369,4
369,3
369,2
369,1
4294967278,283
4294967294,1566
368,5
368,4
368,3
368,2
368,1
4294967279,374
4294967279,199
4294967278,197
367,4
367,3
367,2
367,1
366,6
366,5
366,4
4294967279,194
366,3
366,2
366,1
4294967294,1565
4294967279,193
4294967278,279
4294967279,409
365,7
4294967279,187
365,6
4294967279,186
4294967279,185
365,5
365,4
4294967279,184
365,3
365,2
365,1
4294967279,183
4294967294,1417
4294967294,1538
4294967294,1564
4294967279,178
364,7
4294967294,1563
4294967279,175
364,6
364,5
364,4
364,3
364,2
364,1
4294967278,168
363,4
363,3
363,2
363,1
4294967279,168
4294967294,16
4294967294,15
4294967279,376
4294967279,164
362,6
4294967279,163
362,5
362,4
362,3
362,2
362,1
361,6
4294967279,158
361,5
361,4
4294967279,156
361,3
361,2
361,1
4294967279,155
4294967279,154
360,5
4294967279,153
360,4
360,3
360,2
360,1
4294967278,151
4294967294,1431
4294967279,37
4294967294,1008
4294967294,1012
4294967279,372
359,11
4294967294,116
4294967279,148
4294967279,371
4294967279,147
4294967278,235
4294967279,145
4294967278,143
359,10
4294967294,1562
4294967279,30
359,9
4294967279,26
4294967279,370
4294967279,27
4294967278,278
4294967279,368
4294967279,24
4294967278,134
4294967279,135
359,8
4294967279,275
4294967278,133
4294967278,288
359,7
359,6
359,5
359,4
359,3
359,2
359,1
4294967279,287
4294967278,285
358,7
4294967278,284
4294967278,262
358,6
358,5
358,4
358,3
358,2
358,1
4294967294,399
4294967294,154
4294967294,1502
4294967294,467
4294967278,257
357,4
357,3
357,2
357,1
4294967278,274
356,6
356,5
356,4
356,3
356,2
356,1
4294967278,227
355,6
355,5
355,4
355,3
355,2
355,1
4294967278,253
354,4
354,3
354,2
354,1
4294967278,246
4294967279,246
353,5
353,4
353,3
353,2
353,1
4294967294,1455
4294967294,1432
4294967294,1003
352,12
352,11
4294967294,1441
4294967279,411
4294967278,243
4294967279,230
352,10
352,9
4294967294,1435
4294967278,218
4294967279,337
4294967278,221
352,8
4294967294,1561
4294967278,216
4294967278,214
352,7
352,6
352,5
352,4
352,3
352,2
352,1
4294967279,211
351,5
351,4
351,3
351,2
351,1
350,5
350,4
350,3
350,2
350,1
4294967279,205
349,5
349,4
349,3
349,2
349,1
4294967294,429
4294967294,187
4294967278,198
4294967279,359
4294967278,571
348,5
4294967279,198
348,4
4294967279,197
348,3
348,2
348,1
4294967279,196
4294967279,195
347,5
347,4
347,3
347,2
347,1
4294967279,191
346,4
346,3
346,2
346,1
4294967294,1418
4294967294,184
345,5
4294967294,1444
4294967294,1560
345,4
345,3
345,2
345,1
344,4
344,3
344,2
344,1
4294967278,337
343,4
343,3
343,2
343,1
342,5
342,4
342,3
342,2
342,1
4294967294,1549
4294967294,209
341,5
341,4
341,3
341,2
341,1
340,8
340,7
340,6
340,5
340,4
340,3
340,2
340,1
4294967294,129
4294967294,156
339,5
339,4
339,3
339,2
339,1
338,5
338,4
338,3
338,2
338,1
4294967293,131
4294967293,130
4294967293,129
4294967293,128
4294967293,127
4294967293,126
4294967293,125
4294967293,124
4294967293,123
4294967293,122
4294967293,121
4294967293,120
4294967293,119
4294967293,118
4294967293,117
4294967293,116
4294967293,115
4294967293,114
4294967293,113
4294967293,112
4294967293,111
4294967293,110
4294967293,109
4294967293,108
4294967293,107
4294967293,106
4294967293,105
4294967293,104
4294967293,103
4294967293,102
4294967293,101
4294967293,100
4294967293,99
4294967293,98
4294967293,97
4294967293,96
4294967293,95
4294967293,94
4294967293,93
4294967293,92
4294967293,91
4294967293,90
4294967293,89
4294967293,87
4294967293,86
4294967293,85
4294967293,84
4294967293,83
4294967293,82
4294967293,81
4294967293,80
4294967293,79
4294967293,78
4294967293,77
4294967293,76
4294967293,75
4294967293,74
4294967293,73
4294967293,72
4294967293,71
4294967293,70
